1 33.0357 34.2105
2 33.0357 34.2105
3 33.0357 34.2105
4 33.0357 34.2105
5 33.0357 34.2105
6 33.0357 34.2105
7 33.0357 34.2105
8 33.0357 34.2105
9 33.0357 34.2105
10 33.0357 34.2105
11 33.0357 34.2105
12 33.0357 34.2105
13 33.0357 34.2105
14 33.0357 34.2105
15 33.9286 34.2105
16 36.6071 34.2105
17 39.2857 50
18 45.5357 57.8947
19 55.3571 63.1579
20 59.8214 68.4211
21 62.5 68.4211
22 66.0714 68.4211
23 66.0714 68.4211
24 66.0714 68.4211
25 66.0714 68.4211
26 66.0714 68.4211
27 66.0714 68.4211
28 66.0714 68.4211
29 66.0714 68.4211
30 66.0714 68.4211
31 66.0714 68.4211
32 66.0714 68.4211
33 66.0714 68.4211
34 65.1786 68.4211
35 65.1786 68.4211
36 65.1786 68.4211
37 65.1786 68.4211
38 65.1786 68.4211
39 65.1786 68.4211
40 65.1786 68.4211
41 65.1786 68.4211
42 65.1786 68.4211
43 65.1786 68.4211
44 65.1786 68.4211
45 65.1786 68.4211
46 65.1786 68.4211
47 65.1786 68.4211
48 65.1786 68.4211
49 65.1786 68.4211
50 65.1786 68.4211
51 65.1786 68.4211
52 65.1786 68.4211
53 65.1786 68.4211
54 65.1786 68.4211
55 65.1786 68.4211
56 65.1786 68.4211
57 66.0714 68.4211
58 66.0714 68.4211
59 66.9643 68.4211
60 66.9643 68.4211
61 66.9643 68.4211
62 66.9643 68.4211
63 66.9643 68.4211
64 66.9643 68.4211
65 66.9643 68.4211
66 66.9643 68.4211
67 67.8571 68.4211
68 67.8571 71.0526
69 67.8571 71.0526
70 67.8571 71.0526
71 67.8571 71.0526
72 67.8571 71.0526
73 67.8571 71.0526
74 67.8571 71.0526
75 67.8571 71.0526
76 68.75 71.0526
77 68.75 71.0526
78 68.75 71.0526
79 69.6429 71.0526
80 69.6429 71.0526
81 70.5357 73.6842
82 70.5357 73.6842
83 70.5357 73.6842
84 71.4286 73.6842
85 71.4286 73.6842
86 71.4286 73.6842
87 71.4286 73.6842
88 71.4286 73.6842
89 71.4286 73.6842
90 71.4286 73.6842
91 71.4286 73.6842
92 71.4286 73.6842
93 71.4286 76.3158
94 72.3214 76.3158
95 72.3214 76.3158
96 72.3214 76.3158
97 72.3214 78.9474
98 73.2143 78.9474
99 73.2143 78.9474
100 73.2143 78.9474
101 74.1071 78.9474
102 74.1071 78.9474
103 74.1071 78.9474
104 74.1071 78.9474
105 74.1071 84.2105
106 74.1071 84.2105
107 74.1071 84.2105
108 74.1071 84.2105
109 74.1071 84.2105
110 74.1071 84.2105
111 75.8929 84.2105
112 75.8929 84.2105
113 75.8929 84.2105
114 76.7857 84.2105
115 76.7857 84.2105
116 76.7857 84.2105
117 76.7857 84.2105
118 76.7857 84.2105
119 77.6786 84.2105
120 78.5714 84.2105
121 78.5714 84.2105
122 78.5714 84.2105
123 78.5714 84.2105
124 78.5714 84.2105
125 79.4643 84.2105
126 79.4643 84.2105
127 79.4643 84.2105
128 79.4643 84.2105
129 79.4643 84.2105
130 79.4643 84.2105
131 80.3571 84.2105
132 80.3571 84.2105
133 80.3571 84.2105
134 80.3571 84.2105
135 80.3571 84.2105
136 81.25 84.2105
137 82.1429 84.2105
138 82.1429 84.2105
139 82.1429 84.2105
140 83.0357 84.2105
141 83.0357 84.2105
142 83.0357 84.2105
143 83.0357 86.8421
144 83.0357 86.8421
145 83.0357 86.8421
146 83.0357 86.8421
147 83.0357 86.8421
148 83.0357 86.8421
149 83.0357 86.8421
150 83.0357 86.8421
151 83.0357 86.8421
152 83.0357 86.8421
153 83.0357 86.8421
154 83.0357 86.8421
155 83.9286 86.8421
156 83.9286 86.8421
157 83.9286 86.8421
158 83.9286 86.8421
159 83.9286 86.8421
160 83.9286 86.8421
161 83.9286 86.8421
162 84.8214 86.8421
163 85.7143 86.8421
164 85.7143 86.8421
165 85.7143 86.8421
166 85.7143 86.8421
167 85.7143 86.8421
168 85.7143 86.8421
169 86.6071 86.8421
170 86.6071 86.8421
171 86.6071 86.8421
172 86.6071 86.8421
173 86.6071 86.8421
174 86.6071 86.8421
175 86.6071 86.8421
176 86.6071 86.8421
177 86.6071 86.8421
178 87.5 86.8421
179 87.5 86.8421
180 87.5 86.8421
181 87.5 86.8421
182 87.5 86.8421
183 87.5 86.8421
184 87.5 86.8421
185 88.3929 86.8421
186 88.3929 86.8421
187 88.3929 86.8421
188 88.3929 86.8421
189 88.3929 86.8421
190 88.3929 86.8421
191 88.3929 86.8421
192 88.3929 86.8421
193 88.3929 86.8421
194 88.3929 86.8421
195 88.3929 86.8421
196 88.3929 86.8421
197 88.3929 86.8421
198 88.3929 86.8421
199 88.3929 86.8421
200 88.3929 86.8421
201 88.3929 86.8421
202 88.3929 86.8421
203 88.3929 86.8421
204 89.2857 86.8421
205 90.1786 86.8421
206 90.1786 86.8421
207 90.1786 86.8421
208 90.1786 86.8421
209 90.1786 86.8421
210 90.1786 86.8421
211 90.1786 86.8421
212 90.1786 86.8421
213 90.1786 86.8421
214 90.1786 86.8421
215 91.0714 86.8421
216 91.0714 86.8421
217 91.0714 86.8421
218 91.9643 86.8421
219 91.9643 86.8421
220 91.9643 86.8421
221 91.9643 86.8421
222 91.9643 86.8421
223 91.9643 86.8421
224 91.9643 86.8421
225 92.8571 86.8421
226 92.8571 86.8421
227 92.8571 86.8421
228 92.8571 86.8421
229 92.8571 86.8421
230 92.8571 86.8421
231 92.8571 86.8421
232 92.8571 86.8421
233 92.8571 86.8421
234 92.8571 86.8421
235 92.8571 86.8421
236 92.8571 86.8421
237 92.8571 86.8421
238 92.8571 86.8421
239 92.8571 86.8421
240 92.8571 86.8421
241 92.8571 86.8421
242 92.8571 86.8421
243 92.8571 86.8421
244 92.8571 86.8421
245 92.8571 86.8421
246 92.8571 86.8421
247 93.75 86.8421
248 93.75 86.8421
249 93.75 86.8421
250 93.75 86.8421
251 93.75 86.8421
252 93.75 86.8421
253 93.75 86.8421
254 93.75 86.8421
255 93.75 86.8421
256 93.75 86.8421
257 94.6429 86.8421
258 94.6429 86.8421
259 94.6429 86.8421
260 94.6429 86.8421
261 94.6429 86.8421
262 94.6429 86.8421
263 94.6429 86.8421
264 94.6429 86.8421
265 94.6429 86.8421
266 94.6429 86.8421
267 94.6429 86.8421
268 94.6429 86.8421
269 94.6429 86.8421
270 94.6429 86.8421
271 94.6429 86.8421
272 94.6429 86.8421
273 94.6429 86.8421
274 94.6429 86.8421
275 94.6429 86.8421
276 94.6429 86.8421
277 94.6429 86.8421
278 94.6429 86.8421
279 94.6429 86.8421
280 94.6429 86.8421
281 94.6429 86.8421
282 94.6429 86.8421
283 94.6429 86.8421
284 94.6429 86.8421
285 94.6429 86.8421
286 94.6429 86.8421
287 94.6429 86.8421
288 94.6429 86.8421
289 94.6429 86.8421
290 94.6429 86.8421
291 94.6429 86.8421
292 94.6429 86.8421
293 94.6429 86.8421
294 93.75 86.8421
295 93.75 86.8421
296 94.6429 86.8421
297 94.6429 86.8421
298 94.6429 86.8421
299 94.6429 86.8421
300 94.6429 86.8421
301 94.6429 86.8421
302 94.6429 86.8421
303 94.6429 86.8421
304 94.6429 86.8421
305 94.6429 86.8421
306 94.6429 86.8421
307 94.6429 86.8421
308 94.6429 86.8421
309 94.6429 86.8421
310 94.6429 86.8421
311 94.6429 86.8421
312 94.6429 86.8421
313 94.6429 86.8421
314 94.6429 86.8421
315 94.6429 86.8421
316 94.6429 86.8421
317 94.6429 86.8421
318 94.6429 86.8421
319 94.6429 86.8421
320 94.6429 86.8421
321 94.6429 86.8421
322 94.6429 86.8421
323 94.6429 86.8421
324 94.6429 86.8421
325 94.6429 86.8421
326 94.6429 86.8421
327 94.6429 86.8421
328 94.6429 86.8421
329 94.6429 86.8421
330 94.6429 86.8421
331 94.6429 86.8421
332 94.6429 86.8421
333 94.6429 86.8421
334 94.6429 86.8421
335 94.6429 86.8421
336 94.6429 86.8421
337 94.6429 86.8421
338 94.6429 86.8421
339 94.6429 86.8421
340 94.6429 86.8421
341 94.6429 86.8421
342 94.6429 86.8421
343 94.6429 86.8421
344 94.6429 86.8421
345 94.6429 86.8421
346 94.6429 86.8421
347 94.6429 86.8421
348 94.6429 86.8421
349 94.6429 86.8421
350 94.6429 86.8421
351 94.6429 86.8421
352 94.6429 86.8421
353 94.6429 86.8421
354 94.6429 86.8421
355 94.6429 86.8421
356 94.6429 86.8421
357 94.6429 86.8421
358 94.6429 86.8421
359 94.6429 86.8421
360 94.6429 86.8421
361 94.6429 86.8421
362 94.6429 86.8421
363 94.6429 86.8421
364 94.6429 86.8421
365 94.6429 86.8421
366 94.6429 86.8421
367 94.6429 86.8421
368 94.6429 86.8421
369 94.6429 86.8421
370 94.6429 86.8421
371 94.6429 86.8421
372 94.6429 86.8421
373 94.6429 86.8421
374 94.6429 86.8421
375 94.6429 86.8421
376 94.6429 86.8421
377 94.6429 86.8421
378 94.6429 86.8421
379 94.6429 86.8421
380 94.6429 86.8421
381 94.6429 86.8421
382 94.6429 86.8421
383 94.6429 86.8421
384 94.6429 86.8421
385 94.6429 86.8421
386 94.6429 86.8421
387 94.6429 86.8421
388 94.6429 86.8421
389 94.6429 86.8421
390 94.6429 86.8421
391 94.6429 86.8421
392 94.6429 86.8421
393 94.6429 86.8421
394 94.6429 86.8421
395 94.6429 86.8421
396 94.6429 86.8421
397 94.6429 86.8421
398 94.6429 86.8421
399 94.6429 86.8421
400 94.6429 86.8421
401 94.6429 86.8421
402 94.6429 86.8421
403 94.6429 86.8421
404 94.6429 86.8421
405 94.6429 86.8421
406 94.6429 86.8421
407 94.6429 86.8421
408 94.6429 86.8421
409 94.6429 86.8421
410 94.6429 86.8421
411 94.6429 86.8421
412 94.6429 86.8421
413 94.6429 86.8421
414 94.6429 86.8421
415 94.6429 86.8421
416 94.6429 86.8421
417 94.6429 86.8421
418 94.6429 86.8421
419 94.6429 86.8421
420 94.6429 86.8421
421 94.6429 86.8421
422 94.6429 86.8421
423 94.6429 86.8421
424 94.6429 86.8421
425 94.6429 86.8421
426 94.6429 86.8421
427 94.6429 86.8421
428 94.6429 86.8421
429 94.6429 86.8421
430 94.6429 86.8421
431 94.6429 86.8421
432 94.6429 86.8421
433 94.6429 86.8421
434 94.6429 86.8421
435 94.6429 86.8421
436 94.6429 86.8421
437 94.6429 86.8421
438 94.6429 86.8421
439 94.6429 86.8421
440 94.6429 86.8421
441 94.6429 86.8421
442 94.6429 86.8421
443 94.6429 86.8421
444 94.6429 86.8421
445 94.6429 86.8421
446 94.6429 86.8421
447 94.6429 86.8421
448 94.6429 86.8421
449 94.6429 86.8421
450 94.6429 86.8421
451 94.6429 86.8421
452 94.6429 86.8421
453 94.6429 86.8421
454 94.6429 86.8421
455 94.6429 86.8421
456 94.6429 86.8421
457 94.6429 86.8421
458 94.6429 86.8421
459 94.6429 86.8421
460 94.6429 86.8421
461 94.6429 86.8421
462 94.6429 86.8421
463 94.6429 86.8421
464 94.6429 86.8421
465 94.6429 86.8421
466 94.6429 86.8421
467 94.6429 86.8421
468 94.6429 86.8421
469 94.6429 86.8421
470 94.6429 86.8421
471 94.6429 86.8421
472 94.6429 86.8421
473 94.6429 86.8421
474 94.6429 86.8421
475 94.6429 89.4737
476 94.6429 89.4737
477 94.6429 89.4737
478 94.6429 89.4737
479 94.6429 89.4737
480 94.6429 89.4737
481 94.6429 89.4737
482 94.6429 89.4737
483 94.6429 89.4737
484 94.6429 89.4737
485 94.6429 89.4737
486 94.6429 89.4737
487 94.6429 89.4737
488 94.6429 89.4737
489 94.6429 89.4737
490 94.6429 89.4737
491 94.6429 89.4737
492 94.6429 89.4737
493 94.6429 89.4737
494 94.6429 89.4737
495 94.6429 89.4737
496 94.6429 89.4737
497 94.6429 89.4737
498 94.6429 89.4737
499 94.6429 89.4737
500 94.6429 89.4737
501 94.6429 89.4737
502 94.6429 89.4737
503 94.6429 89.4737
504 94.6429 89.4737
505 94.6429 89.4737
506 94.6429 89.4737
507 94.6429 89.4737
508 94.6429 89.4737
509 94.6429 89.4737
510 94.6429 89.4737
511 94.6429 89.4737
512 94.6429 89.4737
513 94.6429 89.4737
514 94.6429 89.4737
515 94.6429 89.4737
516 94.6429 89.4737
517 94.6429 89.4737
518 94.6429 89.4737
519 94.6429 89.4737
520 94.6429 89.4737
521 94.6429 89.4737
522 94.6429 89.4737
523 94.6429 89.4737
524 94.6429 89.4737
525 94.6429 89.4737
526 94.6429 89.4737
527 94.6429 89.4737
528 94.6429 92.1053
529 94.6429 92.1053
530 94.6429 92.1053
531 94.6429 92.1053
532 94.6429 92.1053
533 94.6429 92.1053
534 94.6429 92.1053
535 94.6429 92.1053
536 94.6429 92.1053
537 94.6429 92.1053
538 94.6429 92.1053
539 94.6429 92.1053
540 94.6429 92.1053
541 94.6429 92.1053
542 94.6429 92.1053
543 94.6429 92.1053
544 94.6429 92.1053
545 94.6429 92.1053
546 94.6429 92.1053
547 94.6429 92.1053
548 94.6429 92.1053
549 95.5357 92.1053
550 95.5357 92.1053
551 95.5357 92.1053
552 95.5357 92.1053
553 95.5357 92.1053
554 95.5357 92.1053
555 95.5357 92.1053
556 95.5357 92.1053
557 95.5357 92.1053
558 95.5357 92.1053
559 95.5357 92.1053
560 95.5357 92.1053
561 95.5357 92.1053
562 95.5357 92.1053
563 95.5357 92.1053
564 95.5357 92.1053
565 95.5357 92.1053
566 95.5357 92.1053
567 95.5357 92.1053
568 95.5357 92.1053
569 95.5357 92.1053
570 95.5357 92.1053
571 95.5357 92.1053
572 95.5357 92.1053
573 95.5357 92.1053
574 95.5357 92.1053
575 95.5357 92.1053
576 95.5357 92.1053
577 95.5357 92.1053
578 95.5357 92.1053
579 95.5357 92.1053
580 95.5357 92.1053
581 96.4286 92.1053
582 96.4286 92.1053
583 96.4286 92.1053
584 96.4286 92.1053
585 96.4286 92.1053
586 96.4286 92.1053
587 96.4286 92.1053
588 96.4286 92.1053
589 96.4286 92.1053
590 96.4286 92.1053
591 96.4286 92.1053
592 96.4286 92.1053
593 96.4286 92.1053
594 96.4286 92.1053
595 96.4286 92.1053
596 96.4286 92.1053
597 96.4286 92.1053
598 96.4286 92.1053
599 96.4286 92.1053
600 96.4286 92.1053
601 96.4286 92.1053
602 96.4286 92.1053
603 96.4286 92.1053
604 96.4286 92.1053
605 96.4286 92.1053
606 96.4286 92.1053
607 96.4286 92.1053
608 96.4286 92.1053
609 96.4286 92.1053
610 96.4286 92.1053
611 96.4286 92.1053
612 96.4286 92.1053
613 96.4286 92.1053
614 96.4286 92.1053
615 96.4286 92.1053
616 96.4286 92.1053
617 96.4286 92.1053
618 96.4286 92.1053
619 96.4286 92.1053
620 96.4286 92.1053
621 96.4286 92.1053
622 95.5357 92.1053
623 95.5357 92.1053
624 95.5357 92.1053
625 95.5357 92.1053
626 95.5357 92.1053
627 95.5357 92.1053
628 95.5357 92.1053
629 95.5357 92.1053
630 95.5357 92.1053
631 95.5357 92.1053
632 95.5357 92.1053
633 95.5357 92.1053
634 95.5357 92.1053
635 95.5357 92.1053
636 95.5357 92.1053
637 95.5357 92.1053
638 95.5357 92.1053
639 95.5357 92.1053
640 95.5357 92.1053
641 95.5357 92.1053
642 95.5357 92.1053
643 95.5357 92.1053
644 95.5357 92.1053
645 95.5357 92.1053
646 95.5357 92.1053
647 95.5357 92.1053
648 95.5357 92.1053
649 95.5357 92.1053
650 95.5357 92.1053
651 95.5357 92.1053
652 95.5357 92.1053
653 95.5357 92.1053
654 95.5357 92.1053
655 95.5357 92.1053
656 95.5357 92.1053
657 95.5357 92.1053
658 95.5357 92.1053
659 95.5357 92.1053
660 95.5357 92.1053
661 95.5357 92.1053
662 95.5357 92.1053
663 95.5357 92.1053
664 95.5357 92.1053
665 95.5357 92.1053
666 95.5357 92.1053
667 95.5357 92.1053
668 95.5357 92.1053
669 95.5357 92.1053
670 95.5357 92.1053
671 95.5357 92.1053
672 95.5357 92.1053
673 95.5357 92.1053
674 95.5357 92.1053
675 95.5357 92.1053
676 95.5357 92.1053
677 95.5357 92.1053
678 95.5357 92.1053
679 95.5357 92.1053
680 95.5357 92.1053
681 95.5357 92.1053
682 95.5357 92.1053
683 95.5357 92.1053
684 95.5357 92.1053
685 95.5357 92.1053
686 95.5357 92.1053
687 95.5357 92.1053
688 95.5357 92.1053
689 95.5357 92.1053
690 95.5357 92.1053
691 95.5357 92.1053
692 95.5357 92.1053
693 95.5357 92.1053
694 95.5357 92.1053
695 95.5357 92.1053
696 95.5357 92.1053
697 95.5357 92.1053
698 95.5357 92.1053
699 95.5357 92.1053
700 95.5357 92.1053
701 95.5357 92.1053
702 95.5357 92.1053
703 95.5357 92.1053
704 95.5357 92.1053
705 95.5357 92.1053
706 95.5357 92.1053
707 95.5357 92.1053
708 95.5357 92.1053
709 95.5357 92.1053
710 95.5357 92.1053
711 95.5357 92.1053
712 95.5357 92.1053
713 95.5357 92.1053
714 95.5357 92.1053
715 95.5357 92.1053
716 95.5357 92.1053
717 95.5357 92.1053
718 95.5357 92.1053
719 95.5357 92.1053
720 95.5357 92.1053
721 95.5357 92.1053
722 95.5357 92.1053
723 95.5357 92.1053
724 95.5357 92.1053
725 95.5357 92.1053
726 95.5357 92.1053
727 95.5357 92.1053
728 95.5357 92.1053
729 95.5357 92.1053
730 95.5357 92.1053
731 95.5357 92.1053
732 95.5357 92.1053
733 95.5357 92.1053
734 95.5357 92.1053
735 95.5357 92.1053
736 95.5357 92.1053
737 95.5357 92.1053
738 95.5357 92.1053
739 95.5357 92.1053
740 95.5357 92.1053
741 95.5357 92.1053
742 95.5357 92.1053
743 95.5357 92.1053
744 95.5357 92.1053
745 95.5357 92.1053
746 95.5357 92.1053
747 95.5357 92.1053
748 95.5357 92.1053
749 95.5357 92.1053
750 95.5357 92.1053
751 95.5357 92.1053
752 95.5357 92.1053
753 95.5357 92.1053
754 95.5357 92.1053
755 95.5357 92.1053
756 95.5357 92.1053
757 95.5357 92.1053
758 95.5357 92.1053
759 95.5357 92.1053
760 95.5357 92.1053
761 95.5357 92.1053
762 95.5357 92.1053
763 95.5357 92.1053
764 95.5357 92.1053
765 95.5357 92.1053
766 95.5357 92.1053
767 95.5357 92.1053
768 95.5357 92.1053
769 95.5357 92.1053
770 95.5357 92.1053
771 95.5357 92.1053
772 95.5357 92.1053
773 95.5357 92.1053
774 95.5357 92.1053
775 95.5357 92.1053
776 95.5357 92.1053
777 95.5357 92.1053
778 95.5357 92.1053
779 95.5357 92.1053
780 95.5357 92.1053
781 95.5357 92.1053
782 95.5357 92.1053
783 95.5357 92.1053
784 95.5357 92.1053
785 95.5357 92.1053
786 95.5357 92.1053
787 95.5357 92.1053
788 95.5357 92.1053
789 95.5357 92.1053
790 95.5357 92.1053
791 95.5357 92.1053
792 95.5357 92.1053
793 95.5357 92.1053
794 95.5357 92.1053
795 95.5357 92.1053
796 95.5357 92.1053
797 95.5357 92.1053
798 95.5357 92.1053
799 95.5357 92.1053
800 95.5357 92.1053
801 95.5357 92.1053
802 95.5357 92.1053
803 95.5357 92.1053
804 95.5357 92.1053
805 95.5357 92.1053
806 95.5357 92.1053
807 95.5357 92.1053
808 95.5357 92.1053
809 95.5357 92.1053
810 95.5357 92.1053
811 95.5357 92.1053
812 95.5357 92.1053
813 95.5357 92.1053
814 95.5357 92.1053
815 95.5357 92.1053
816 95.5357 92.1053
817 95.5357 92.1053
818 95.5357 92.1053
819 95.5357 92.1053
820 95.5357 92.1053
821 95.5357 92.1053
822 95.5357 92.1053
823 95.5357 92.1053
824 95.5357 92.1053
825 95.5357 92.1053
826 95.5357 92.1053
827 95.5357 92.1053
828 95.5357 92.1053
829 95.5357 92.1053
830 95.5357 92.1053
831 95.5357 92.1053
832 95.5357 92.1053
833 95.5357 92.1053
834 95.5357 92.1053
835 95.5357 92.1053
836 95.5357 92.1053
837 95.5357 92.1053
838 95.5357 92.1053
839 95.5357 92.1053
840 95.5357 92.1053
841 95.5357 92.1053
842 95.5357 92.1053
843 95.5357 92.1053
844 95.5357 92.1053
845 95.5357 92.1053
846 95.5357 92.1053
847 95.5357 92.1053
848 95.5357 92.1053
849 95.5357 92.1053
850 95.5357 92.1053
851 95.5357 92.1053
852 95.5357 92.1053
853 95.5357 92.1053
854 95.5357 92.1053
855 95.5357 92.1053
856 95.5357 92.1053
857 95.5357 94.7368
858 95.5357 94.7368
859 95.5357 94.7368
860 95.5357 94.7368
861 95.5357 94.7368
862 95.5357 94.7368
863 95.5357 94.7368
864 95.5357 94.7368
865 95.5357 94.7368
866 95.5357 94.7368
867 95.5357 94.7368
868 95.5357 94.7368
869 95.5357 94.7368
870 95.5357 94.7368
871 95.5357 94.7368
872 95.5357 94.7368
873 95.5357 94.7368
874 95.5357 94.7368
875 95.5357 94.7368
876 95.5357 94.7368
877 95.5357 94.7368
878 95.5357 94.7368
879 95.5357 94.7368
880 95.5357 94.7368
881 95.5357 94.7368
882 95.5357 94.7368
883 95.5357 94.7368
884 95.5357 94.7368
885 95.5357 94.7368
886 95.5357 94.7368
887 95.5357 97.3684
888 95.5357 97.3684
889 95.5357 97.3684
890 95.5357 97.3684
891 95.5357 97.3684
892 95.5357 97.3684
893 95.5357 97.3684
894 95.5357 97.3684
895 95.5357 97.3684
896 95.5357 97.3684
897 95.5357 97.3684
898 95.5357 97.3684
899 95.5357 97.3684
900 95.5357 97.3684
901 95.5357 97.3684
902 95.5357 97.3684
903 95.5357 97.3684
904 95.5357 97.3684
905 95.5357 97.3684
906 95.5357 97.3684
907 95.5357 97.3684
908 95.5357 97.3684
909 95.5357 97.3684
910 95.5357 97.3684
911 95.5357 97.3684
912 95.5357 100
913 95.5357 100
914 95.5357 100
915 95.5357 100
916 95.5357 100
917 95.5357 100
918 95.5357 100
919 95.5357 100
920 95.5357 100
921 95.5357 100
922 95.5357 100
923 95.5357 100
924 95.5357 100
925 95.5357 100
926 95.5357 100
927 95.5357 100
928 95.5357 100
929 95.5357 100
930 95.5357 100
931 95.5357 100
932 95.5357 100
933 95.5357 100
934 95.5357 100
935 95.5357 100
936 95.5357 100
937 95.5357 100
938 95.5357 100
939 95.5357 100
940 95.5357 100
941 95.5357 100
942 95.5357 100
943 95.5357 100
944 95.5357 100
945 95.5357 100
946 95.5357 100
947 95.5357 100
948 95.5357 100
949 95.5357 100
950 95.5357 100
951 95.5357 100
952 95.5357 100
953 95.5357 100
954 95.5357 100
955 95.5357 100
956 95.5357 100
957 95.5357 100
958 95.5357 100
959 95.5357 100
960 95.5357 100
961 95.5357 100
962 95.5357 100
963 95.5357 100
964 95.5357 100
965 95.5357 100
966 95.5357 100
967 95.5357 100
968 95.5357 100
969 95.5357 100
970 95.5357 100
971 95.5357 100
972 95.5357 100
973 95.5357 100
974 95.5357 100
975 95.5357 100
976 95.5357 100
977 95.5357 100
978 95.5357 100
979 95.5357 100
980 95.5357 100
981 95.5357 100
982 95.5357 100
983 95.5357 100
984 95.5357 100
985 95.5357 100
986 95.5357 100
987 95.5357 100
988 95.5357 100
989 95.5357 100
990 95.5357 100
991 95.5357 100
992 95.5357 100
993 95.5357 100
994 95.5357 100
995 95.5357 100
996 95.5357 100
997 95.5357 100
998 95.5357 100
999 95.5357 100
1000 95.5357 100
