1 0.269934 0.269934
2 0.269503 0.269503
3 0.269081 0.269081
4 0.268668 0.268668
5 0.268263 0.268263
6 0.267866 0.267866
7 0.267478 0.267478
8 0.267097 0.267097
9 0.266725 0.266725
10 0.266361 0.266361
11 0.266004 0.266004
12 0.265655 0.265655
13 0.265314 0.265314
14 0.26498 0.26498
15 0.264653 0.264653
16 0.264334 0.264334
17 0.264021 0.264021
18 0.263716 0.263716
19 0.263417 0.263417
20 0.263125 0.263125
21 0.262839 0.262839
22 0.26256 0.26256
23 0.262287 0.262287
24 0.26202 0.26202
25 0.26176 0.26176
26 0.261505 0.261505
27 0.261256 0.261256
28 0.261013 0.261013
29 0.260775 0.260775
30 0.260543 0.260543
31 0.260317 0.260317
32 0.260095 0.260095
33 0.259879 0.259879
34 0.259668 0.259668
35 0.259462 0.259462
36 0.25926 0.25926
37 0.259064 0.259064
38 0.258871 0.258871
39 0.258684 0.258684
40 0.258501 0.258501
41 0.258322 0.258322
42 0.258148 0.258148
43 0.257977 0.257977
44 0.257811 0.257811
45 0.257649 0.257649
46 0.25749 0.25749
47 0.257336 0.257336
48 0.257185 0.257185
49 0.257037 0.257037
50 0.256893 0.256893
51 0.256753 0.256753
52 0.256616 0.256616
53 0.256482 0.256482
54 0.256352 0.256352
55 0.256224 0.256224
56 0.2561 0.2561
57 0.255979 0.255979
58 0.25586 0.25586
59 0.255745 0.255745
60 0.255632 0.255632
61 0.255522 0.255522
62 0.255415 0.255415
63 0.25531 0.25531
64 0.255208 0.255208
65 0.255108 0.255108
66 0.25501 0.25501
67 0.254915 0.254915
68 0.254823 0.254823
69 0.254732 0.254732
70 0.254644 0.254644
71 0.254557 0.254557
72 0.254473 0.254473
73 0.254391 0.254391
74 0.254311 0.254311
75 0.254233 0.254233
76 0.254156 0.254156
77 0.254082 0.254082
78 0.254009 0.254009
79 0.253938 0.253938
80 0.253868 0.253868
81 0.253801 0.253801
82 0.253735 0.253735
83 0.25367 0.25367
84 0.253607 0.253607
85 0.253545 0.253545
86 0.253485 0.253485
87 0.253427 0.253427
88 0.253369 0.253369
89 0.253313 0.253313
90 0.253259 0.253259
91 0.253205 0.253205
92 0.253153 0.253153
93 0.253102 0.253102
94 0.253053 0.253053
95 0.253004 0.253004
96 0.252957 0.252957
97 0.25291 0.25291
98 0.252865 0.252865
99 0.252821 0.252821
100 0.252777 0.252777
101 0.252735 0.252735
102 0.252694 0.252694
103 0.252654 0.252654
104 0.252614 0.252614
105 0.252576 0.252576
106 0.252538 0.252538
107 0.252501 0.252501
108 0.252465 0.252465
109 0.25243 0.25243
110 0.252395 0.252395
111 0.252362 0.252362
112 0.252329 0.252329
113 0.252296 0.252296
114 0.252265 0.252265
115 0.252234 0.252234
116 0.252204 0.252204
117 0.252174 0.252174
118 0.252145 0.252145
119 0.252117 0.252117
120 0.25209 0.25209
121 0.252063 0.252063
122 0.252036 0.252036
123 0.25201 0.25201
124 0.251985 0.251985
125 0.25196 0.25196
126 0.251935 0.251935
127 0.251912 0.251912
128 0.251888 0.251888
129 0.251865 0.251865
130 0.251843 0.251843
131 0.251821 0.251821
132 0.2518 0.2518
133 0.251779 0.251779
134 0.251758 0.251758
135 0.251738 0.251738
136 0.251718 0.251718
137 0.251698 0.251698
138 0.251679 0.251679
139 0.251661 0.251661
140 0.251642 0.251642
141 0.251624 0.251624
142 0.251607 0.251607
143 0.251589 0.251589
144 0.251572 0.251572
145 0.251556 0.251556
146 0.251539 0.251539
147 0.251523 0.251523
148 0.251508 0.251508
149 0.251492 0.251492
150 0.251477 0.251477
151 0.251462 0.251462
152 0.251447 0.251447
153 0.251433 0.251433
154 0.251419 0.251419
155 0.251405 0.251405
156 0.251392 0.251392
157 0.251378 0.251378
158 0.251365 0.251365
159 0.251352 0.251352
160 0.251339 0.251339
161 0.251327 0.251327
162 0.251315 0.251315
163 0.251303 0.251303
164 0.251291 0.251291
165 0.251279 0.251279
166 0.251268 0.251268
167 0.251256 0.251256
168 0.251245 0.251245
169 0.251234 0.251234
170 0.251223 0.251223
171 0.251213 0.251213
172 0.251202 0.251202
173 0.251192 0.251192
174 0.251182 0.251182
175 0.251172 0.251172
176 0.251162 0.251162
177 0.251153 0.251153
178 0.251143 0.251143
179 0.251134 0.251134
180 0.251124 0.251124
181 0.251115 0.251115
182 0.251106 0.251106
183 0.251098 0.251098
184 0.251089 0.251089
185 0.25108 0.25108
186 0.251072 0.251072
187 0.251063 0.251063
188 0.251055 0.251055
189 0.251047 0.251047
190 0.251039 0.251039
191 0.251031 0.251031
192 0.251023 0.251023
193 0.251016 0.251016
194 0.251008 0.251008
195 0.251 0.251
196 0.250993 0.250993
197 0.250986 0.250986
198 0.250979 0.250979
199 0.250971 0.250971
200 0.250964 0.250964
201 0.250957 0.250957
202 0.250951 0.250951
203 0.250944 0.250944
204 0.250937 0.250937
205 0.25093 0.25093
206 0.250924 0.250924
207 0.250917 0.250917
208 0.250911 0.250911
209 0.250905 0.250905
210 0.250898 0.250898
211 0.250892 0.250892
212 0.250886 0.250886
213 0.25088 0.25088
214 0.250874 0.250874
215 0.250868 0.250868
216 0.250862 0.250862
217 0.250857 0.250857
218 0.250851 0.250851
219 0.250845 0.250845
220 0.25084 0.25084
221 0.250834 0.250834
222 0.250829 0.250829
223 0.250823 0.250823
224 0.250818 0.250818
225 0.250812 0.250812
226 0.250807 0.250807
227 0.250802 0.250802
228 0.250797 0.250797
229 0.250792 0.250792
230 0.250787 0.250787
231 0.250782 0.250782
232 0.250777 0.250777
233 0.250772 0.250772
234 0.250767 0.250767
235 0.250762 0.250762
236 0.250757 0.250757
237 0.250753 0.250753
238 0.250748 0.250748
239 0.250743 0.250743
240 0.250739 0.250739
241 0.250734 0.250734
242 0.250729 0.250729
243 0.250725 0.250725
244 0.250721 0.250721
245 0.250716 0.250716
246 0.250712 0.250712
247 0.250707 0.250707
248 0.250703 0.250703
249 0.250699 0.250699
250 0.250695 0.250695
251 0.25069 0.25069
252 0.250686 0.250686
253 0.250682 0.250682
254 0.250678 0.250678
255 0.250674 0.250674
256 0.25067 0.25067
257 0.250666 0.250666
258 0.250662 0.250662
259 0.250658 0.250658
260 0.250654 0.250654
261 0.25065 0.25065
262 0.250646 0.250646
263 0.250643 0.250643
264 0.250639 0.250639
265 0.250635 0.250635
266 0.250631 0.250631
267 0.250628 0.250628
268 0.250624 0.250624
269 0.25062 0.25062
270 0.250617 0.250617
271 0.250613 0.250613
272 0.25061 0.25061
273 0.250606 0.250606
274 0.250603 0.250603
275 0.250599 0.250599
276 0.250596 0.250596
277 0.250592 0.250592
278 0.250589 0.250589
279 0.250585 0.250585
280 0.250582 0.250582
281 0.250579 0.250579
282 0.250575 0.250575
283 0.250572 0.250572
284 0.250569 0.250569
285 0.250566 0.250566
286 0.250562 0.250562
287 0.250559 0.250559
288 0.250556 0.250556
289 0.250553 0.250553
290 0.25055 0.25055
291 0.250547 0.250547
292 0.250544 0.250544
293 0.250541 0.250541
294 0.250537 0.250537
295 0.250534 0.250534
296 0.250531 0.250531
297 0.250528 0.250528
298 0.250525 0.250525
299 0.250523 0.250523
300 0.25052 0.25052
301 0.250517 0.250517
302 0.250514 0.250514
303 0.250511 0.250511
304 0.250508 0.250508
305 0.250505 0.250505
306 0.250502 0.250502
307 0.2505 0.2505
308 0.250497 0.250497
309 0.250494 0.250494
310 0.250491 0.250491
311 0.250489 0.250489
312 0.250486 0.250486
313 0.250483 0.250483
314 0.25048 0.25048
315 0.250478 0.250478
316 0.250475 0.250475
317 0.250473 0.250473
318 0.25047 0.25047
319 0.250467 0.250467
320 0.250465 0.250465
321 0.250462 0.250462
322 0.25046 0.25046
323 0.250457 0.250457
324 0.250455 0.250455
325 0.250452 0.250452
326 0.25045 0.25045
327 0.250447 0.250447
328 0.250445 0.250445
329 0.250442 0.250442
330 0.25044 0.25044
331 0.250437 0.250437
332 0.250435 0.250435
333 0.250433 0.250433
334 0.25043 0.25043
335 0.250428 0.250428
336 0.250425 0.250425
337 0.250423 0.250423
338 0.250421 0.250421
339 0.250418 0.250418
340 0.250416 0.250416
341 0.250414 0.250414
342 0.250412 0.250412
343 0.250409 0.250409
344 0.250407 0.250407
345 0.250405 0.250405
346 0.250403 0.250403
347 0.250401 0.250401
348 0.250398 0.250398
349 0.250396 0.250396
350 0.250394 0.250394
351 0.250392 0.250392
352 0.25039 0.25039
353 0.250388 0.250388
354 0.250385 0.250385
355 0.250383 0.250383
356 0.250381 0.250381
357 0.250379 0.250379
358 0.250377 0.250377
359 0.250375 0.250375
360 0.250373 0.250373
361 0.250371 0.250371
362 0.250369 0.250369
363 0.250367 0.250367
364 0.250365 0.250365
365 0.250363 0.250363
366 0.250361 0.250361
367 0.250359 0.250359
368 0.250357 0.250357
369 0.250355 0.250355
370 0.250353 0.250353
371 0.250351 0.250351
372 0.250349 0.250349
373 0.250348 0.250348
374 0.250346 0.250346
375 0.250344 0.250344
376 0.250342 0.250342
377 0.25034 0.25034
378 0.250338 0.250338
379 0.250336 0.250336
380 0.250335 0.250335
381 0.250333 0.250333
382 0.250331 0.250331
383 0.250329 0.250329
384 0.250327 0.250327
385 0.250326 0.250326
386 0.250324 0.250324
387 0.250322 0.250322
388 0.25032 0.25032
389 0.250319 0.250319
390 0.250317 0.250317
391 0.250315 0.250315
392 0.250314 0.250314
393 0.250312 0.250312
394 0.25031 0.25031
395 0.250308 0.250308
396 0.250307 0.250307
397 0.250305 0.250305
398 0.250304 0.250304
399 0.250302 0.250302
400 0.2503 0.2503
401 0.250299 0.250299
402 0.250297 0.250297
403 0.250295 0.250295
404 0.250294 0.250294
405 0.250292 0.250292
406 0.250291 0.250291
407 0.250289 0.250289
408 0.250288 0.250288
409 0.250286 0.250286
410 0.250284 0.250284
411 0.250283 0.250283
412 0.250281 0.250281
413 0.25028 0.25028
414 0.250278 0.250278
415 0.250277 0.250277
416 0.250275 0.250275
417 0.250274 0.250274
418 0.250272 0.250272
419 0.250271 0.250271
420 0.250269 0.250269
421 0.250268 0.250268
422 0.250267 0.250267
423 0.250265 0.250265
424 0.250264 0.250264
425 0.250262 0.250262
426 0.250261 0.250261
427 0.25026 0.25026
428 0.250258 0.250258
429 0.250257 0.250257
430 0.250255 0.250255
431 0.250254 0.250254
432 0.250253 0.250253
433 0.250251 0.250251
434 0.25025 0.25025
435 0.250249 0.250249
436 0.250247 0.250247
437 0.250246 0.250246
438 0.250245 0.250245
439 0.250243 0.250243
440 0.250242 0.250242
441 0.250241 0.250241
442 0.250239 0.250239
443 0.250238 0.250238
444 0.250237 0.250237
445 0.250236 0.250236
446 0.250234 0.250234
447 0.250233 0.250233
448 0.250232 0.250232
449 0.25023 0.25023
450 0.250229 0.250229
451 0.250228 0.250228
452 0.250227 0.250227
453 0.250226 0.250226
454 0.250224 0.250224
455 0.250223 0.250223
456 0.250222 0.250222
457 0.250221 0.250221
458 0.25022 0.25022
459 0.250218 0.250218
460 0.250217 0.250217
461 0.250216 0.250216
462 0.250215 0.250215
463 0.250214 0.250214
464 0.250213 0.250213
465 0.250211 0.250211
466 0.25021 0.25021
467 0.250209 0.250209
468 0.250208 0.250208
469 0.250207 0.250207
470 0.250206 0.250206
471 0.250205 0.250205
472 0.250204 0.250204
473 0.250203 0.250203
474 0.250201 0.250201
475 0.2502 0.2502
476 0.250199 0.250199
477 0.250198 0.250198
478 0.250197 0.250197
479 0.250196 0.250196
480 0.250195 0.250195
481 0.250194 0.250194
482 0.250193 0.250193
483 0.250192 0.250192
484 0.250191 0.250191
485 0.25019 0.25019
486 0.250189 0.250189
487 0.250188 0.250188
488 0.250187 0.250187
489 0.250186 0.250186
490 0.250185 0.250185
491 0.250184 0.250184
492 0.250183 0.250183
493 0.250182 0.250182
494 0.250181 0.250181
495 0.25018 0.25018
496 0.250179 0.250179
497 0.250178 0.250178
498 0.250177 0.250177
499 0.250176 0.250176
500 0.250175 0.250175
501 0.250174 0.250174
502 0.250173 0.250173
503 0.250172 0.250172
504 0.250171 0.250171
505 0.250171 0.250171
506 0.25017 0.25017
507 0.250169 0.250169
508 0.250168 0.250168
509 0.250167 0.250167
510 0.250166 0.250166
511 0.250165 0.250165
512 0.250164 0.250164
513 0.250163 0.250163
514 0.250163 0.250163
515 0.250162 0.250162
516 0.250161 0.250161
517 0.25016 0.25016
518 0.250159 0.250159
519 0.250158 0.250158
520 0.250157 0.250157
521 0.250157 0.250157
522 0.250156 0.250156
523 0.250155 0.250155
524 0.250154 0.250154
525 0.250153 0.250153
526 0.250152 0.250152
527 0.250152 0.250152
528 0.250151 0.250151
529 0.25015 0.25015
530 0.250149 0.250149
531 0.250148 0.250148
532 0.250148 0.250148
533 0.250147 0.250147
534 0.250146 0.250146
535 0.250145 0.250145
536 0.250144 0.250144
537 0.250144 0.250144
538 0.250143 0.250143
539 0.250142 0.250142
540 0.250141 0.250141
541 0.250141 0.250141
542 0.25014 0.25014
543 0.250139 0.250139
544 0.250138 0.250138
545 0.250138 0.250138
546 0.250137 0.250137
547 0.250136 0.250136
548 0.250135 0.250135
549 0.250135 0.250135
550 0.250134 0.250134
551 0.250133 0.250133
552 0.250133 0.250133
553 0.250132 0.250132
554 0.250131 0.250131
555 0.25013 0.25013
556 0.25013 0.25013
557 0.250129 0.250129
558 0.250128 0.250128
559 0.250128 0.250128
560 0.250127 0.250127
561 0.250126 0.250126
562 0.250126 0.250126
563 0.250125 0.250125
564 0.250124 0.250124
565 0.250124 0.250124
566 0.250123 0.250123
567 0.250122 0.250122
568 0.250122 0.250122
569 0.250121 0.250121
570 0.25012 0.25012
571 0.25012 0.25012
572 0.250119 0.250119
573 0.250118 0.250118
574 0.250118 0.250118
575 0.250117 0.250117
576 0.250117 0.250117
577 0.250116 0.250116
578 0.250115 0.250115
579 0.250115 0.250115
580 0.250114 0.250114
581 0.250113 0.250113
582 0.250113 0.250113
583 0.250112 0.250112
584 0.250112 0.250112
585 0.250111 0.250111
586 0.25011 0.25011
587 0.25011 0.25011
588 0.250109 0.250109
589 0.250109 0.250109
590 0.250108 0.250108
591 0.250108 0.250108
592 0.250107 0.250107
593 0.250106 0.250106
594 0.250106 0.250106
595 0.250105 0.250105
596 0.250105 0.250105
597 0.250104 0.250104
598 0.250104 0.250104
599 0.250103 0.250103
600 0.250102 0.250102
601 0.250102 0.250102
602 0.250101 0.250101
603 0.250101 0.250101
604 0.2501 0.2501
605 0.2501 0.2501
606 0.250099 0.250099
607 0.250099 0.250099
608 0.250098 0.250098
609 0.250098 0.250098
610 0.250097 0.250097
611 0.250097 0.250097
612 0.250096 0.250096
613 0.250096 0.250096
614 0.250095 0.250095
615 0.250095 0.250095
616 0.250094 0.250094
617 0.250094 0.250094
618 0.250093 0.250093
619 0.250093 0.250093
620 0.250092 0.250092
621 0.250092 0.250092
622 0.250091 0.250091
623 0.250091 0.250091
624 0.25009 0.25009
625 0.25009 0.25009
626 0.250089 0.250089
627 0.250089 0.250089
628 0.250088 0.250088
629 0.250088 0.250088
630 0.250087 0.250087
631 0.250087 0.250087
632 0.250086 0.250086
633 0.250086 0.250086
634 0.250085 0.250085
635 0.250085 0.250085
636 0.250085 0.250085
637 0.250084 0.250084
638 0.250084 0.250084
639 0.250083 0.250083
640 0.250083 0.250083
641 0.250082 0.250082
642 0.250082 0.250082
643 0.250081 0.250081
644 0.250081 0.250081
645 0.250081 0.250081
646 0.25008 0.25008
647 0.25008 0.25008
648 0.250079 0.250079
649 0.250079 0.250079
650 0.250078 0.250078
651 0.250078 0.250078
652 0.250078 0.250078
653 0.250077 0.250077
654 0.250077 0.250077
655 0.250076 0.250076
656 0.250076 0.250076
657 0.250076 0.250076
658 0.250075 0.250075
659 0.250075 0.250075
660 0.250074 0.250074
661 0.250074 0.250074
662 0.250074 0.250074
663 0.250073 0.250073
664 0.250073 0.250073
665 0.250072 0.250072
666 0.250072 0.250072
667 0.250072 0.250072
668 0.250071 0.250071
669 0.250071 0.250071
670 0.25007 0.25007
671 0.25007 0.25007
672 0.25007 0.25007
673 0.250069 0.250069
674 0.250069 0.250069
675 0.250069 0.250069
676 0.250068 0.250068
677 0.250068 0.250068
678 0.250067 0.250067
679 0.250067 0.250067
680 0.250067 0.250067
681 0.250066 0.250066
682 0.250066 0.250066
683 0.250066 0.250066
684 0.250065 0.250065
685 0.250065 0.250065
686 0.250065 0.250065
687 0.250064 0.250064
688 0.250064 0.250064
689 0.250064 0.250064
690 0.250063 0.250063
691 0.250063 0.250063
692 0.250063 0.250063
693 0.250062 0.250062
694 0.250062 0.250062
695 0.250062 0.250062
696 0.250061 0.250061
697 0.250061 0.250061
698 0.250061 0.250061
699 0.25006 0.25006
700 0.25006 0.25006
701 0.25006 0.25006
702 0.250059 0.250059
703 0.250059 0.250059
704 0.250059 0.250059
705 0.250058 0.250058
706 0.250058 0.250058
707 0.250058 0.250058
708 0.250057 0.250057
709 0.250057 0.250057
710 0.250057 0.250057
711 0.250057 0.250057
712 0.250056 0.250056
713 0.250056 0.250056
714 0.250056 0.250056
715 0.250055 0.250055
716 0.250055 0.250055
717 0.250055 0.250055
718 0.250054 0.250054
719 0.250054 0.250054
720 0.250054 0.250054
721 0.250054 0.250054
722 0.250053 0.250053
723 0.250053 0.250053
724 0.250053 0.250053
725 0.250052 0.250052
726 0.250052 0.250052
727 0.250052 0.250052
728 0.250052 0.250052
729 0.250051 0.250051
730 0.250051 0.250051
731 0.250051 0.250051
732 0.250051 0.250051
733 0.25005 0.25005
734 0.25005 0.25005
735 0.25005 0.25005
736 0.250049 0.250049
737 0.250049 0.250049
738 0.250049 0.250049
739 0.250049 0.250049
740 0.250048 0.250048
741 0.250048 0.250048
742 0.250048 0.250048
743 0.250048 0.250048
744 0.250047 0.250047
745 0.250047 0.250047
746 0.250047 0.250047
747 0.250047 0.250047
748 0.250046 0.250046
749 0.250046 0.250046
750 0.250046 0.250046
751 0.250046 0.250046
752 0.250045 0.250045
753 0.250045 0.250045
754 0.250045 0.250045
755 0.250045 0.250045
756 0.250044 0.250044
757 0.250044 0.250044
758 0.250044 0.250044
759 0.250044 0.250044
760 0.250044 0.250044
761 0.250043 0.250043
762 0.250043 0.250043
763 0.250043 0.250043
764 0.250043 0.250043
765 0.250042 0.250042
766 0.250042 0.250042
767 0.250042 0.250042
768 0.250042 0.250042
769 0.250041 0.250041
770 0.250041 0.250041
771 0.250041 0.250041
772 0.250041 0.250041
773 0.250041 0.250041
774 0.25004 0.25004
775 0.25004 0.25004
776 0.25004 0.25004
777 0.25004 0.25004
778 0.25004 0.25004
779 0.250039 0.250039
780 0.250039 0.250039
781 0.250039 0.250039
782 0.250039 0.250039
783 0.250038 0.250038
784 0.250038 0.250038
785 0.250038 0.250038
786 0.250038 0.250038
787 0.250038 0.250038
788 0.250037 0.250037
789 0.250037 0.250037
790 0.250037 0.250037
791 0.250037 0.250037
792 0.250037 0.250037
793 0.250036 0.250036
794 0.250036 0.250036
795 0.250036 0.250036
796 0.250036 0.250036
797 0.250036 0.250036
798 0.250035 0.250035
799 0.250035 0.250035
800 0.250035 0.250035
801 0.250035 0.250035
802 0.250035 0.250035
803 0.250035 0.250035
804 0.250034 0.250034
805 0.250034 0.250034
806 0.250034 0.250034
807 0.250034 0.250034
808 0.250034 0.250034
809 0.250033 0.250033
810 0.250033 0.250033
811 0.250033 0.250033
812 0.250033 0.250033
813 0.250033 0.250033
814 0.250033 0.250033
815 0.250032 0.250032
816 0.250032 0.250032
817 0.250032 0.250032
818 0.250032 0.250032
819 0.250032 0.250032
820 0.250032 0.250032
821 0.250031 0.250031
822 0.250031 0.250031
823 0.250031 0.250031
824 0.250031 0.250031
825 0.250031 0.250031
826 0.250031 0.250031
827 0.25003 0.25003
828 0.25003 0.25003
829 0.25003 0.25003
830 0.25003 0.25003
831 0.25003 0.25003
832 0.25003 0.25003
833 0.250029 0.250029
834 0.250029 0.250029
835 0.250029 0.250029
836 0.250029 0.250029
837 0.250029 0.250029
838 0.250029 0.250029
839 0.250029 0.250029
840 0.250028 0.250028
841 0.250028 0.250028
842 0.250028 0.250028
843 0.250028 0.250028
844 0.250028 0.250028
845 0.250028 0.250028
846 0.250027 0.250027
847 0.250027 0.250027
848 0.250027 0.250027
849 0.250027 0.250027
850 0.250027 0.250027
851 0.250027 0.250027
852 0.250027 0.250027
1001 0.250026 0.250026
